# L=1000, N=500, PBC, precision=1000, alpha=2.0 
# l    S1    S1_OP    S_alpha    S_alpha_OP(1)    sigma2_n H_alpha navge_alpha S_alpha_OP(3) S_alpha_OP(4) S_alpha_OP(5) 
5 1.261766799161365E+00 3.090116757500432E-01 1.003520979169889E+00 1.600988173884389E-01 3.943948936579743E-01 8.363675123445392E-01 2.500000000000000E+00 1.597009114088211E-01 1.597009114088211E-01 1.599029156174830E-01 
6 1.322797055651646E+00 3.481606954174359E-01 1.007379920438269E+00 1.846671531485848E-01 4.111290130486658E-01 8.054580022454349E-01 3.000000000000000E+00 1.839282813636267E-01 1.839282813636267E-01 1.842993468853766E-01 
7 1.374317022195640E+00 3.803996726994841E-01 1.080674026348075E+00 2.039882836652582E-01 4.278631324393577E-01 8.683444194527830E-01 3.499999999999999E+00 2.035196126940804E-01 2.035196126940804E-01 2.037573812719817E-01 
8 1.418907866781965E+00 4.099285044977972E-01 1.083515776469779E+00 2.228928420005996E-01 4.404610265828831E-01 8.441722696789402E-01 4.000000000000000E+00 2.221930840042264E-01 2.221930840042264E-01 2.225446797523456E-01 
9 1.458218626792340E+00 4.355102424602690E-01 1.139661343383874E+00 2.386724916602740E-01 4.530589207264081E-01 8.918667370466338E-01 4.500000000000000E+00 2.381662076856078E-01 2.381662076856078E-01 2.384229073064743E-01 
10 1.493369902351692E+00 4.593143139110123E-01 1.141906242870732E+00 2.540880275199431E-01 4.631543904758610E-01 8.719608997961651E-01 5.000000000000000E+00 2.534145529424218E-01 2.534145529424218E-01 2.537531289381044E-01 
11 1.525158807163487E+00 4.805555224167348E-01 1.187395030297285E+00 2.674290950467886E-01 4.732498602253156E-01 9.103316298793974E-01 5.499999999999999E+00 2.669017321655705E-01 2.669017321655705E-01 2.671689913980178E-01 
12 1.554172882506253E+00 5.005359946238888E-01 1.189247644515462E+00 2.804703881128090E-01 4.816699328407067E-01 8.933779238251840E-01 6.000000000000000E+00 2.798161637439977E-01 2.798161637439977E-01 2.801452287665548E-01 
13 1.580857780000359E+00 5.187156814467259E-01 1.227475137555035E+00 2.920333374222740E-01 4.900900054560970E-01 9.254525446217815E-01 6.499999999999999E+00 2.914938594381196E-01 2.914938594381196E-01 2.917671523568208E-01 
14 1.605559609490254E+00 5.359528204206336E-01 1.229050121037575E+00 3.033500734104495E-01 4.973103439203260E-01 9.106672003922031E-01 7.000000000000000E+00 3.027108373495675E-01 3.027108373495675E-01 3.030325052347465E-01 
16 1.650057567370268E+00 5.670231249107609E-01 1.263381057858210E+00 3.235642341054765E-01 5.108497211424409E-01 9.250856761582151E-01 8.000000000000000E+00 3.229371948121450E-01 3.229371948121450E-01 3.232528441453224E-01 
18 1.689295197474476E+00 5.947130563926267E-01 1.293560105934407E+00 3.416802359276505E-01 5.227859469491729E-01 9.374027438073304E-01 9.000000000000000E+00 3.410634503604205E-01 3.410634503604205E-01 3.413740377576543E-01 
20 1.724383601571544E+00 6.196964893981834E-01 1.320480833463206E+00 3.581004845258446E-01 5.334583177074195E-01 9.481210237306374E-01 1.000000000000000E+01 3.574925336143865E-01 3.574925336143865E-01 3.577987562879037E-01 
22 1.756114905744797E+00 6.424625450501999E-01 1.344776271811848E+00 3.731208588756042E-01 5.431085113770300E-01 9.575856398119935E-01 1.100000000000000E+01 3.725206654974474E-01 3.725206654974474E-01 3.728230519874328E-01 
24 1.785073789174813E+00 6.633777168020992E-01 1.366911201834475E+00 3.869653631957161E-01 5.519147970772059E-01 9.660430958587373E-01 1.200000000000000E+01 3.863720837995130E-01 3.863720837995130E-01 3.866710477655032E-01 
27 1.824256994120548E+00 6.918498607917557E-01 1.405275955465637E+00 4.058392396798372E-01 5.638988337419015E-01 9.885330572640874E-01 1.350000000000000E+01 4.052896969129431E-01 4.052896969129431E-01 4.055676940309139E-01 
30 1.859287725620662E+00 7.175507459074677E-01 1.423491386925969E+00 4.230093602016263E-01 5.744804312026121E-01 9.869826698638810E-01 1.500000000000000E+01 4.224332115993451E-01 4.224332115993451E-01 4.227236787124420E-01 
33 1.890957317248582E+00 7.408880026048880E-01 1.454512835299469E+00 4.385867796964212E-01 5.841557168265011E-01 1.004914410026894E+00 1.650000000000000E+01 4.380427018532065E-01 4.380427018532065E-01 4.383178535049786E-01 
36 1.919849974841215E+00 7.623345485774025E-01 1.469529867424425E+00 4.529885220582170E-01 5.928931300051286E-01 1.003346704568053E+00 1.800000000000000E+01 4.524258620139931E-01 4.524258620139931E-01 4.527096199751251E-01 
40 1.954805753015493E+00 7.884051303780677E-01 1.496056094236879E+00 4.705094753745736E-01 6.035201355855230E-01 1.012518651663492E+00 2.000000000000000E+01 4.699544430437868E-01 4.699544430437868E-01 4.702343993798299E-01 
44 1.986393178654430E+00 8.120972995248070E-01 1.520000247230353E+00 4.864729026052514E-01 6.131228378843849E-01 1.020644574350827E+00 2.200000000000000E+01 4.859246781807092E-01 4.859246781807092E-01 4.862012368874245E-01 
49 2.022016408512604E+00 8.389556208349222E-01 1.551657157057854E+00 5.046025417206854E-01 6.239734333935013E-01 1.035956264699784E+00 2.450000000000000E+01 5.040748578993058E-01 5.040748578993058E-01 5.043415933423672E-01 
54 2.054122677357225E+00 8.633072373050479E-01 1.571267847370115E+00 5.211013438291650E-01 6.337121815807341E-01 1.037578974587687E+00 2.700000000000000E+01 5.205674792078291E-01 5.205674792078291E-01 5.208368577747290E-01 
60 2.088868085387442E+00 8.897854899889414E-01 1.597534165862804E+00 5.390681563504302E-01 6.442742874058575E-01 1.046022055349955E+00 3.000000000000000E+01 5.385415447752038E-01 5.385415447752038E-01 5.388072901458052E-01 
66 2.120223337288928E+00 9.137958940771134E-01 1.621220225452372E+00 5.553946462317060E-01 6.538057097550684E-01 1.053506950300479E+00 3.300000000000000E+01 5.548745184424179E-01 5.548745184424179E-01 5.551370125290077E-01 
73 2.153290388245936E+00 9.392288965264860E-01 1.649340263492302E+00 5.727170618732109E-01 6.638670548937008E-01 1.065562634122954E+00 3.650000000000000E+01 5.722103036176696E-01 5.722103036176696E-01 5.724663705996609E-01 
81 2.187276036825548E+00 9.654922770757108E-01 1.674674854669371E+00 5.906464282749127E-01 6.741960853839289E-01 1.072992842779763E+00 4.050000000000000E+01 5.901454995597231E-01 5.901454995597231E-01 5.903986012908023E-01 
90 2.221548741858937E+00 9.920986386715313E-01 1.697666145111905E+00 6.088478081112779E-01 6.846061917644100E-01 1.076879793191568E+00 4.500000000000000E+01 6.083482487777956E-01 6.083482487777956E-01 6.086004099269118E-01 
99 2.252380941806566E+00 1.016128936907430E+00 1.723248261829763E+00 6.253087784395841E-01 6.939836477264090E-01 1.086965508862374E+00 4.950000000000000E+01 6.248192859843697E-01 6.248192859843697E-01 6.250665760512840E-01 
110 2.286231691437109E+00 1.042620757914636E+00 1.746403300191953E+00 6.434921498320656E-01 7.042679325168654E-01 1.091197570405837E+00 5.500000000000000E+01 6.430054151021694E-01 6.430054151021694E-01 6.432511212341367E-01 
121 2.316596317375192E+00 1.066472490431721E+00 1.771202741890093E+00 6.598849004338370E-01 7.135014727104451E-01 1.100419504364289E+00 6.050000000000000E+01 6.594068945378049E-01 6.594068945378049E-01 6.596483529916992E-01 
134 2.348775496134948E+00 1.091843440310274E+00 1.793491126251591E+00 6.773517808669231E-01 7.232792874383410E-01 1.104631888183382E+00 6.700000000000000E+01 6.768772131631007E-01 6.768772131631007E-01 6.771167881848299E-01 
148 2.379706156374446E+00 1.116315188221091E+00 1.816766470699232E+00 6.942221772651571E-01 7.326811990428254E-01 1.111135004548574E+00 7.400000000000000E+01 6.937535390377782E-01 6.937535390377782E-01 6.939901239967418E-01 
164 2.411142197534613E+00 1.141271226666961E+00 1.840415134595930E+00 7.114502581826366E-01 7.422367094576308E-01 1.117652985906986E+00 8.200000000000000E+01 7.109875851983661E-01 7.109875851983661E-01 7.112211608233591E-01 
181 2.440738384591139E+00 1.164841977621430E+00 1.864006792052399E+00 7.277424401770075E-01 7.512346740560638E-01 1.125543786761568E+00 9.050000000000000E+01 7.272867623501159E-01 7.272867623501159E-01 7.275168961566299E-01 
200 2.469944299886329E+00 1.188173357054287E+00 1.884633931019798E+00 7.438906667073783E-01 7.601105481161939E-01 1.129607567379476E+00 1.000000000000000E+02 7.434389820556789E-01 7.434389820556789E-01 7.436670114561266E-01 
221 2.498230638391215E+00 1.210834320734604E+00 1.907019933889774E+00 7.595915459142823E-01 7.687098379886975E-01 1.136800592895998E+00 1.105000000000000E+02 7.591461190678906E-01 7.591461190678906E-01 7.593710571420812E-01 
245 2.526232001767053E+00 1.233329086869046E+00 1.927975589530850E+00 7.751951597223363E-01 7.772210870285078E-01 1.142199619672446E+00 1.225000000000000E+02 7.747546842413125E-01 7.747546842413125E-01 7.749771133001887E-01 
271 2.552151337499933E+00 1.254204773807108E+00 1.947376373528320E+00 7.896905241477743E-01 7.850995063570849E-01 1.147149426855662E+00 1.355000000000000E+02 7.892546028458922E-01 7.892546028458922E-01 7.894747244544579E-01 
299 2.575667259407747E+00 1.273188349540724E+00 1.964980707566331E+00 8.028841328104570E-01 7.922474003269908E-01 1.151601087578842E+00 1.495000000000000E+02 8.024523168343883E-01 8.024523168343883E-01 8.026703586347070E-01 
331 2.597706039985462E+00 1.291016467356014E+00 1.981481259130436E+00 8.152849002744621E-01 7.989463134536482E-01 1.155739748044284E+00 1.655000000000000E+02 8.148569071088122E-01 8.148569071088122E-01 8.150730124015825E-01 
365 2.616152514655467E+00 1.305965681357611E+00 1.995293644738342E+00 8.256906300635430E-01 8.045533153871154E-01 1.159179286543121E+00 1.825000000000000E+02 8.252658172484557E-01 8.252658172484557E-01 8.254803116017830E-01 
404 2.631680538429879E+00 1.318568762911039E+00 2.006169993337374E+00 8.344687357175290E-01 8.092726791967204E-01 1.161015078877184E+00 2.020000000000000E+02 8.340460774547620E-01 8.340460774547620E-01 8.342594425429275E-01 
447 2.642433682775506E+00 1.327306103079926E+00 2.014974585704968E+00 8.405566132464965E-01 8.125417652491453E-01 1.164041574764925E+00 2.235000000000000E+02 8.401362996253148E-01 8.401362996253148E-01 8.403485151790320E-01 
494 2.647016595331766E+00 1.331032570735640E+00 2.017688891457634E+00 8.431541262929285E-01 8.139342927576948E-01 1.163888855624295E+00 2.470000000000000E+02 8.427341259274738E-01 8.427341259274738E-01 8.429461474830635E-01 
545 2.643733666706363E+00 1.328362958691502E+00 2.015948153463960E+00 8.412931774627975E-01 8.129369099187490E-01 1.164280933002906E+00 2.725000000000000E+02 8.408730853892437E-01 8.408730853892437E-01 8.410851887361122E-01 
603 2.629311368302539E+00 1.316644622430050E+00 2.005147500827263E+00 8.331280287688007E-01 8.085530922327627E-01 1.161619375208634E+00 3.015000000000000E+02 8.327054734654246E-01 8.327054734654246E-01 8.329188243858599E-01 
666 2.599530842681096E+00 1.292494409175969E+00 1.982019774268702E+00 8.163136874648031E-01 7.995003162925021E-01 1.154934254040518E+00 3.330000000000000E+02 8.158854034026737E-01 8.158854034026737E-01 8.161016119108950E-01 
736 2.545585210370916E+00 1.248911821433592E+00 1.941488077187987E+00 7.860144181107696E-01 7.831027510343139E-01 1.144554143073366E+00 3.680000000000000E+02 7.855765320044803E-01 7.855765320044803E-01 7.857975923860637E-01 
814 2.448792448030807E+00 1.171269513323301E+00 1.868730225561374E+00 7.321898206964030E-01 7.536811104290666E-01 1.125342193397625E+00 4.070000000000000E+02 7.317342092663315E-01 7.317342092663315E-01 7.319642210527578E-01 
900 2.255621256172860E+00 1.018661766424344E+00 1.723344401622231E+00 6.270485116865036E-01 6.949632710769957E-01 1.084477427511714E+00 4.500000000000000E+02 6.265557379371900E-01 6.265557379371900E-01 6.268044847333462E-01 
994 1.322797055669952E+00 3.481606954350925E-01 1.007379920439312E+00 1.846671531495981E-01 4.111290130491862E-01 8.054580022459315E-01 4.970000000000000E+02 1.839282813646918E-01 1.839282813646918E-01 1.842993468864147E-01 
