# L=200, N=100,l=100,alpha=2.0 
# ================================================================
# n  P(n) P(n)^alpha  P(n)_alpha 
0 0.000000000000000E+00 0.000000000000000E+00 0.000000000000000E+00 
1 0.000000000000000E+00 0.000000000000000E+00 0.000000000000000E+00 
2 0.000000000000000E+00 0.000000000000000E+00 0.000000000000000E+00 
3 0.000000000000000E+00 0.000000000000000E+00 0.000000000000000E+00 
4 0.000000000000000E+00 0.000000000000000E+00 0.000000000000000E+00 
5 0.000000000000000E+00 0.000000000000000E+00 0.000000000000000E+00 
6 0.000000000000000E+00 0.000000000000000E+00 0.000000000000000E+00 
7 0.000000000000000E+00 0.000000000000000E+00 0.000000000000000E+00 
8 0.000000000000000E+00 0.000000000000000E+00 0.000000000000000E+00 
9 0.000000000000000E+00 0.000000000000000E+00 0.000000000000000E+00 
10 0.000000000000000E+00 0.000000000000000E+00 0.000000000000000E+00 
11 0.000000000000000E+00 0.000000000000000E+00 0.000000000000000E+00 
12 0.000000000000000E+00 0.000000000000000E+00 0.000000000000000E+00 
13 1.511451469424548E-441 6.536242276298489E-882 1.147405814252406E-881 
14 9.721398518491800E-425 2.703941063189795E-848 3.892436131782243E-849 
15 2.869948147335151E-408 2.356610605162875E-815 5.403399053732646E-817 
16 5.179818526681609E-392 7.676598319769856E-783 4.018748072468187E-785 
17 6.424272968998061E-376 1.180830872743949E-750 1.789071451571599E-753 
18 5.835082151619234E-360 9.741675905093149E-719 5.137382390704154E-722 
19 4.038759715839825E-344 4.666978056648305E-687 1.004066574907416E-690 
20 2.188058415314553E-328 1.369801230403923E-655 1.389123120454570E-659 
21 9.454691525542453E-313 2.557610787600330E-624 1.400459200754229E-628 
22 3.302480599101900E-297 3.120471908483795E-593 1.051364961422014E-597 
23 9.413531679478417E-282 2.535390766124439E-562 5.973984548647737E-567 
24 2.203697473362759E-266 1.389452404864100E-531 2.600796063683501E-536 
25 4.252706490056583E-251 5.174525687756330E-501 8.752740379373338E-506 
26 6.774514477686653E-236 1.313094788876499E-470 2.290684777329410E-475 
27 8.899114130773361E-221 2.265861084318259E-440 4.676514734650524E-445 
28 9.605683434820971E-206 2.639953438439243E-410 7.448427102031312E-415 
29 8.464680493025486E-191 2.050033071237056E-380 9.224744854899785E-385 
30 6.028429585358715E-176 1.039795928147181E-350 8.816928587203428E-355 
31 3.418325725676370E-161 3.343232763495722E-321 6.418365469797955E-325 
32 1.509793486003897E-146 6.521910307664438E-292 3.483186654904221E-295 
33 5.026750561296456E-132 7.229602134853452E-263 1.361285201294690E-265 
34 1.198431617865516E-117 4.109284822266322E-234 3.613219286270660E-236 
35 1.873939316355344E-103 1.004733246941203E-205 5.827427131232636E-207 
36 1.612626986770444E-89 7.440593421862074E-178 4.336587827499711E-178 
37 4.703300933423115E-76 6.329148155117665E-151 9.382706767852166E-151 
38 1.068179304597376E-63 3.264585492399642E-126 5.090109356781432E-126 
39 1.356485972372732E-52 5.264660149813119E-104 8.136465611674810E-104 
40 1.030407061979439E-42 3.037787427323378E-84 4.631592844546148E-84 
41 5.146687469815239E-34 7.578710553390770E-67 1.137462486284063E-66 
42 1.864787160359631E-26 9.949431535475359E-52 1.466296858963083E-51 
43 5.424104977067547E-20 8.417747602171195E-39 1.214207554619674E-38 
44 1.407610352745669E-14 5.668976178004493E-28 7.968038822543088E-28 
45 3.644160097396666E-10 3.799571523634056E-19 5.170194912040519E-19 
46 1.062216577310107E-06 3.228240466048292E-12 4.208429756927690E-12 
47 3.993287047506366E-04 4.562478031496807E-07 5.599209112205628E-07 
48 2.266562293553322E-02 1.469856869718898E-03 1.658220906634754E-03 
49 2.311662821388706E-01 1.528933878190248E-01 1.574108704831840E-01 
50 4.915354072796802E-01 6.912725981204523E-01 6.818606973701199E-01 
51 2.311662821388689E-01 1.528933878190225E-01 1.574108704831871E-01 
52 2.266562293553162E-02 1.469856869718691E-03 1.658220906634860E-03 
53 3.993287047504289E-04 4.562478031492062E-07 5.599209112206504E-07 
54 1.062216577306027E-06 3.228240466023490E-12 4.208429756928945E-12 
55 3.644160097284594E-10 3.799571523400353E-19 5.170194912061378E-19 
56 1.407610352341098E-14 5.668976174745772E-28 7.968038822606144E-28 
57 5.424104961261493E-20 8.417747553111903E-39 1.214207554423325E-38 
58 1.864787100850726E-26 9.949430900464809E-52 1.466296858308188E-51 
59 5.146685437089879E-34 7.578704566847314E-67 1.137462435775073E-66 
60 1.030401725641966E-42 3.037755962832292E-84 4.631588608045908E-84 
61 1.356387396806235E-52 5.263895013998019E-104 8.136460762087950E-104 
62 1.066886609118618E-63 3.256688763215280E-126 5.090565825524511E-126 
63 4.598215372655294E-76 6.049484180774095E-151 9.367184963419901E-151 
64 1.169393621207573E-89 3.912561421378108E-178 3.981101823010031E-178 
65 6.289178840561034E-104 1.131690360156510E-206 1.631789755410039E-207 
66 1.657548841747798E-118 7.860902250908489E-236 2.148090017955902E-237 
67 2.683630369583406E-133 2.060559327762057E-265 1.480877481227272E-267 
68 2.961023864497432E-148 2.508554510233297E-295 6.345498179540213E-298 
69 2.357851019401254E-163 1.590642012109423E-325 1.835758187992425E-328 
70 1.402155813066932E-178 5.625126338183926E-356 3.751818021042582E-359 
71 6.356243996835871E-194 1.155954786269083E-386 5.555698753686673E-390 
72 2.221353242499557E-209 1.411805857967135E-417 6.035703410943143E-421 
73 6.008936725650948E-225 1.033082462649756E-448 4.823562446330237E-452 
74 1.255080566967880E-240 4.506952052239290E-480 2.817883645100189E-483 
75 2.005554881078676E-256 1.150823783955301E-511 1.184223171928051E-514 
76 2.409630967056979E-272 1.661272205467338E-543 3.480049095156638E-546 
77 2.115563732610008E-288 1.280536475969489E-575 6.827402728418546E-578 
78 1.296148245186452E-304 4.806722825906109E-608 8.283898192894232E-610 
79 5.126814258205246E-321 7.520295297620767E-641 5.426694865734893E-642 
80 1.129586245764307E-337 3.650719945502108E-674 1.444502291802696E-674 
81 9.639169267753686E-355 2.658391506971856E-708 4.666678104511910E-708 
82 0.000000000000000E+00 0.000000000000000E+00 0.000000000000000E+00 
83 0.000000000000000E+00 0.000000000000000E+00 0.000000000000000E+00 
84 0.000000000000000E+00 0.000000000000000E+00 0.000000000000000E+00 
85 0.000000000000000E+00 0.000000000000000E+00 0.000000000000000E+00 
86 0.000000000000000E+00 0.000000000000000E+00 0.000000000000000E+00 
87 0.000000000000000E+00 0.000000000000000E+00 0.000000000000000E+00 
88 0.000000000000000E+00 0.000000000000000E+00 0.000000000000000E+00 
89 0.000000000000000E+00 0.000000000000000E+00 0.000000000000000E+00 
90 0.000000000000000E+00 0.000000000000000E+00 0.000000000000000E+00 
91 0.000000000000000E+00 0.000000000000000E+00 0.000000000000000E+00 
92 0.000000000000000E+00 0.000000000000000E+00 0.000000000000000E+00 
93 0.000000000000000E+00 0.000000000000000E+00 0.000000000000000E+00 
94 0.000000000000000E+00 0.000000000000000E+00 0.000000000000000E+00 
95 0.000000000000000E+00 0.000000000000000E+00 0.000000000000000E+00 
96 0.000000000000000E+00 0.000000000000000E+00 0.000000000000000E+00 
97 0.000000000000000E+00 0.000000000000000E+00 0.000000000000000E+00 
98 0.000000000000000E+00 0.000000000000000E+00 0.000000000000000E+00 
99 0.000000000000000E+00 0.000000000000000E+00 0.000000000000000E+00 
100 0.000000000000000E+00 0.000000000000000E+00 0.000000000000000E+00 
#1.00000000000000000  
#9.99999999999999944e-01  
