# L=200000, N=100000, PBC, precision=1000, alpha=2.0 
# l    S1    S1_OP    S_alpha    S_alpha_OP(1)    sigma2 H2 navge_alpha S_alpha_OP(3) S_alpha_OP(4) S_alpha_OP(5) 
1 6.931471805599453E-01 -2.319046813846300E-17 6.931471805599453E-01 0.000000000000000E+00 2.500000000000000E-01 6.931471805599453E-01 5.000000000000000E-01 -0.000000000000000E+00 -0.000000000000000E+00 -0.000000000000000E+00 
2 9.478932674281557E-01 1.331718849235656E-01 7.058144804528168E-01 6.591833845121678E-02 2.973576326986577E-01 6.200508623189790E-01 1.000000000000000E+00 6.498741600037297E-02 6.498741600037297E-02 6.545572296112973E-02 
3 1.089245766382906E+00 2.054383877162299E-01 8.921587023510499E-01 9.976111810396650E-02 3.447152653973155E-01 7.877103915274091E-01 1.500000000000000E+00 9.950576089555218E-02 9.950576089555218E-02 9.963545646782678E-02 
4 1.186817022346283E+00 2.650968379656662E-01 8.981319177895390E-01 1.352443006338965E-01 3.695570794921203E-01 7.444934171953597E-01 2.000000000000000E+00 1.344397770648306E-01 1.344397770648306E-01 1.348437877348767E-01 
5 1.261779992641422E+00 3.090197292268124E-01 1.003530138338009E+00 1.601038401157272E-01 3.943988935869252E-01 8.363713909640055E-01 2.499999999999999E+00 1.597059142207118E-01 1.597059142207118E-01 1.599079285639861E-01 
6 1.322816288863790E+00 3.481726726447071E-01 1.007395702212643E+00 1.846746089933413E-01 4.111350129736763E-01 8.054663600682641E-01 3.000000000000000E+00 1.839357332061086E-01 1.839357332061086E-01 1.843068007924477E-01 
7 1.374343387555048E+00 3.804166192126981E-01 1.080692683850726E+00 2.039990067092740E-01 4.278711323604276E-01 8.683519838467659E-01 3.500000000000000E+00 2.035303105958096E-01 2.035303105958096E-01 2.037680919267625E-01 
8 1.418942459159093E+00 4.099510214261249E-01 1.083543445018440E+00 2.229071010774170E-01 4.404716932144989E-01 8.441858355294594E-01 3.999999999999999E+00 2.222073439178050E-01 2.222073439178050E-01 2.225589393628920E-01 
9 1.458262542062591E+00 4.355393709041314E-01 1.139692787344236E+00 2.386911357776597E-01 4.530722540685695E-01 8.918790653231125E-01 4.499999999999999E+00 2.381848238583495E-01 2.381848238583495E-01 2.384415376076645E-01 
10 1.493424236832346E+00 4.593506819736280E-01 1.141949089910845E+00 2.541113333547026E-01 4.631710572851739E-01 8.719807384873948E-01 4.999999999999999E+00 2.534378648679146E-01 2.534378648679146E-01 2.537764379907759E-01 
11 1.525224657399479E+00 4.806001674445037E-01 1.187442550050453E+00 2.674579210652958E-01 4.732698605017795E-01 9.103497612601899E-01 5.499999999999999E+00 2.669305293887018E-01 2.669305293887018E-01 2.671978031299361E-01 
12 1.554251345184517E+00 5.005895636054725E-01 1.189308961283853E+00 2.805050179536005E-01 4.816939333935825E-01 8.934050645348473E-01 6.000000000000000E+00 2.798508055300298E-01 2.798508055300298E-01 2.801798648086309E-01 
13 1.580949951912783E+00 5.187792091709639E-01 1.227542023101792E+00 2.920746362056407E-01 4.901180062853813E-01 9.254774889765901E-01 6.499999999999998E+00 2.915351302421821E-01 2.915351302421821E-01 2.918084372033220E-01 
14 1.605666587517041E+00 5.360269683494082E-01 1.229133198750044E+00 3.033983308616284E-01 4.973430118984782E-01 9.107026450689832E-01 6.999999999999998E+00 3.027591133080191E-01 3.027591133080191E-01 3.030807722201290E-01 
16 1.650197448585854E+00 5.671212524304820E-01 1.263489187918537E+00 3.236284442185169E-01 5.108923903645147E-01 9.251304049097487E-01 7.999999999999998E+00 3.230014307653655E-01 3.230014307653655E-01 3.233170675050913E-01 
18 1.689472370345518E+00 5.948385830103954E-01 1.293696580057179E+00 3.417627417401497E-01 5.228399513918440E-01 9.374577186341428E-01 9.000000000000000E+00 3.411459901551704E-01 3.411459901551704E-01 3.414565609273154E-01 
20 1.724602455207991E+00 6.198528507846759E-01 1.320648943761520E+00 3.582036445121865E-01 5.335249915264907E-01 9.481871912569087E-01 9.999999999999998E+00 3.575957365574755E-01 3.575957365574755E-01 3.579019381509494E-01 
22 1.756379829945454E+00 6.426531910085084E-01 1.344979310869000E+00 3.732470450037301E-01 5.431891889285618E-01 9.576639333637860E-01 1.100000000000000E+01 3.726469044031573E-01 3.726469044031573E-01 3.729492649276704E-01 
24 1.785389174484581E+00 6.636061096900716E-01 1.367152462767534E+00 3.871169594049293E-01 5.520108129386517E-01 9.661344370950320E-01 1.200000000000000E+01 3.865237434614009E-01 3.865237434614009E-01 3.868226761419911E-01 
27 1.824656305153260E+00 6.921414689486402E-01 1.405570562978497E+00 4.060335864544724E-01 5.640201930348320E-01 9.886324156487817E-01 1.350000000000000E+01 4.054840578140085E-01 4.054840578140085E-01 4.057620473014962E-01 
30 1.859780845947108E+00 7.179132618172195E-01 1.423867078401601E+00 4.232515930148045E-01 5.746304719897308E-01 9.871185857624335E-01 1.500000000000000E+01 4.226755450432574E-01 4.226755450432574E-01 4.229659622908470E-01 
33 1.891554133792626E+00 7.413294597607746E-01 1.454954441350987E+00 4.388826307929430E-01 5.843371104572108E-01 1.005059310881375E+00 1.650000000000000E+01 4.383386015542874E-01 4.383386015542874E-01 4.386137279885935E-01 
36 1.920560378228151E+00 7.628627030857675E-01 1.470069652186511E+00 4.533431826266245E-01 5.931092169176523E-01 1.003535173313122E+00 1.800000000000000E+01 4.527806681023137E-01 4.527806681023137E-01 4.530643536981172E-01 
40 1.955682997998220E+00 7.890613236975929E-01 1.496721765203662E+00 4.709512918121000E-01 6.037869362700268E-01 1.012746500020537E+00 2.000000000000000E+01 4.703964391738558E-01 4.703964391738558E-01 4.706763059871408E-01 
44 1.987454866396038E+00 8.128956855115584E-01 1.520805006155280E+00 4.870116968835591E-01 6.134457024593752E-01 1.020915227470044E+00 2.200000000000000E+01 4.864636896867131E-01 4.864636896867131E-01 4.867401400054823E-01 
49 2.023333419279228E+00 8.399517957670257E-01 1.552635884878333E+00 5.052765780359432E-01 6.243737394320895E-01 1.036260690025640E+00 2.450000000000000E+01 5.047490765964695E-01 5.047490765964695E-01 5.050157187970983E-01 
54 2.055722556681699E+00 8.645233417103867E-01 1.572478144031169E+00 5.219258402733348E-01 6.341986368379708E-01 1.037971394756518E+00 2.699999999999999E+01 5.213923012222098E-01 5.213923012222098E-01 5.216615168746904E-01 
60 2.090843806855005E+00 8.912951188478749E-01 1.599027483915526E+00 5.400939313099583E-01 6.448749850217481E-01 1.046497508676410E+00 2.999999999999999E+01 5.395677201040375E-01 5.395677201040375E-01 5.398332648744441E-01 
66 2.122614660944548E+00 9.156313826366474E-01 1.623026387782022E+00 5.566442384992257E-01 6.545327353414963E-01 1.054072817934857E+00 3.299999999999999E+01 5.561245931066367E-01 5.561245931066367E-01 5.563868452404964E-01 
73 2.156216913314884E+00 9.414856575930776E-01 1.651521557786706E+00 5.742565449059610E-01 6.647565938434240E-01 1.066206283721444E+00 3.649999999999999E+01 5.737502741427984E-01 5.737502741427984E-01 5.740060930719438E-01 
81 2.190880722049809E+00 9.682847701824649E-01 1.677363234416079E+00 5.925550175808286E-01 6.752917599822837E-01 1.073775492150525E+00 4.049999999999999E+01 5.920547042790064E-01 5.920547042790064E-01 5.923074931003605E-01 
90 2.226001355824847E+00 9.955634065748045E-01 1.701022879969589E+00 6.112201868375495E-01 6.859597747550912E-01 1.077879949416773E+00 4.499999999999999E+01 6.107215086828604E-01 6.107215086828604E-01 6.109732266344814E-01 
99 2.257771749752291E+00 1.020340227414561E+00 1.727272754137336E+00 6.281970793325454E-01 6.956222376858222E-01 1.088107428628016E+00 4.949999999999999E+01 6.277085361079077E-01 6.277085361079077E-01 6.279553440780497E-01 
110 2.292892213370602E+00 1.047845570297086E+00 1.751419855296970E+00 6.470816146370787E-01 7.062926393662882E-01 1.092647024572727E+00 5.499999999999999E+01 6.465961776249439E-01 6.465961776249439E-01 6.468412301709443E-01 
121 2.324662477619718E+00 1.072823019948032E+00 1.777229435954487E+00 6.642543374003755E-01 7.159532709823802E-01 1.102087060852799E+00 6.049999999999999E+01 6.637777729514535E-01 6.637777729514535E-01 6.640184999276781E-01 
134 2.358679060523202E+00 1.099669774907459E+00 1.800944709793575E+00 6.827447728473910E-01 7.262897614566274E-01 1.106724075887319E+00 6.699999999999999E+01 6.822721012873312E-01 6.822721012873312E-01 6.825107203175274E-01 
148 2.391803331684065E+00 1.125908706050870E+00 1.825868079040816E+00 7.008423635493673E-01 7.363584511479127E-01 1.113654088423439E+00 7.399999999999999E+01 7.003760195431151E-01 7.003760195431151E-01 7.006114472933962E-01 
164 2.426021455863002E+00 1.153112361405601E+00 1.851606574083656E+00 7.196330245825133E-01 7.467596138092434E-01 1.120706867295067E+00 8.199999999999999E+01 7.191731446583937E-01 7.191731446583937E-01 7.194053108867399E-01 
181 2.458898354235540E+00 1.179340750933855E+00 1.877591624000409E+00 7.377748986349953E-01 7.567546175436161E-01 1.129124781682754E+00 9.049999999999999E+01 7.373224609814241E-01 7.373224609814241E-01 7.375509523174670E-01 
200 2.492171792180699E+00 1.205975317406066E+00 1.901344130275406E+00 7.562241790198428E-01 7.668670488750388E-01 1.134048855118622E+00 9.999999999999999E+01 7.557765807185254E-01 7.557765807185254E-01 7.560025467793221E-01 
221 2.525453524744957E+00 1.232702812780610E+00 1.927393299503495E+00 7.747607442900770E-01 7.769845731980143E-01 1.142050333250313E+00 1.105000000000000E+02 7.743201233951183E-01 7.743201233951183E-01 7.745426261492099E-01 
245 2.559818604700180E+00 1.260389698180400E+00 1.953116295552030E+00 7.939880382089352E-01 7.874301567639632E-01 1.148605025047449E+00 1.225000000000000E+02 7.935534502519828E-01 7.935534502519828E-01 7.937728963638024E-01 
271 2.593438674968342E+00 1.287561578403514E+00 1.978286471573040E+00 8.128812421756045E-01 7.976493145043124E-01 1.154940964729451E+00 1.355000000000000E+02 8.124525027942370E-01 8.124525027942370E-01 8.126689860966198E-01 
299 2.626213414211894E+00 1.314129332700125E+00 2.002827937401668E+00 8.313761735566803E-01 8.076115462147331E-01 1.161046001732234E+00 1.495000000000000E+02 8.309530798100427E-01 8.309530798100427E-01 8.311667034625600E-01 
331 2.660104772829918E+00 1.341682285501037E+00 2.028209423687167E+00 8.505789365329689E-01 8.179132039863308E-01 1.167286109334507E+00 1.655000000000000E+02 8.501616184865185E-01 8.501616184865185E-01 8.503723169283765E-01 
365 2.692697468206290E+00 1.368254345145083E+00 2.052621720793039E+00 8.691185945498447E-01 8.278201324391523E-01 1.173218487909982E+00 1.825000000000000E+02 8.687067677760225E-01 8.687067677760225E-01 8.689146853311595E-01 
404 2.726536254876731E+00 1.395918197174996E+00 2.077405002988013E+00 8.884408697419143E-01 8.381055262340803E-01 1.178521199100691E+00 2.020000000000000E+02 8.880343742143553E-01 8.880343742143553E-01 8.882395678759366E-01 
447 2.760250344185800E+00 1.423554875934591E+00 2.103228846877037E+00 9.077642911553433E-01 8.483536473471827E-01 1.185305402970085E+00 2.235000000000000E+02 9.073636374649743E-01 9.073636374649743E-01 9.075658974661146E-01 
494 2.793575393905966E+00 1.450944538869652E+00 2.127735776813970E+00 9.269347504121485E-01 8.584830049686580E-01 1.190522357715574E+00 2.470000000000000E+02 9.265392927398258E-01 9.265392927398258E-01 9.267389043694648E-01 
545 2.826324772217020E+00 1.477928817281904E+00 2.152738637152347E+00 9.458396861222453E-01 8.684378014951946E-01 1.196863957287916E+00 2.724999999999999E+02 9.454496755870412E-01 9.454496755870412E-01 9.456465471284615E-01 
603 2.860034337124433E+00 1.505772949571897E+00 2.178000620848321E+00 9.653656978160443E-01 8.786842565991273E-01 1.202663563580962E+00 3.014999999999999E+02 9.649810047956553E-01 9.649810047956553E-01 9.651751844061141E-01 
666 2.893157407421433E+00 1.533198939101705E+00 2.202481921022397E+00 9.846164234140454E-01 8.887523291927200E-01 1.207820344124524E+00 3.329999999999999E+02 9.842367607878761E-01 9.842367607878761E-01 9.844283830571189E-01 
736 2.926469551666740E+00 1.560846195198920E+00 2.227482323293070E+00 1.004039838789240E+00 8.988780116743950E-01 1.213472871568699E+00 3.679999999999999E+02 1.003665299944785E+00 1.003665299944785E+00 1.003854330253740E+00 
814 2.960044649084384E+00 1.588775918857818E+00 2.252678503096761E+00 1.023678967055440E+00 9.090836214898483E-01 1.219104836664819E+00 4.069999999999999E+02 1.023309511766494E+00 1.023309511766494E+00 1.023495970367380E+00 
900 2.993520765498761E+00 1.616686073233446E+00 2.277798987319425E+00 1.043321174498192E+00 9.192591439521089E-01 1.224656628222025E+00 4.499999999999999E+02 1.042956707586269E+00 1.042956707586269E+00 1.043140642553799E+00 
994 3.026632476468754E+00 1.644352711965598E+00 2.302644763033181E+00 1.062808149640087E+00 9.293238998254403E-01 1.230087027073964E+00 4.969999999999999E+02 1.062448538549765E+00 1.062448538549765E+00 1.062630016889265E+00 
1099 3.060102382910114E+00 1.672378256475019E+00 2.327966066146633E+00 1.082563836864914E+00 9.394975755614943E-01 1.235807881113853E+00 5.494999999999999E+02 1.082209102370950E+00 1.082209102370950E+00 1.082388118326655E+00 
1215 3.093546506299085E+00 1.700440814257572E+00 2.353039228101978E+00 1.102361265105812E+00 9.496633642166433E-01 1.241145988906338E+00 6.074999999999999E+02 1.102011270550524E+00 1.102011270550524E+00 1.102187887709667E+00 
1342 3.126681044019858E+00 1.728300138068945E+00 2.377710967574076E+00 1.122030379905104E+00 9.597350230813161E-01 1.246140963580948E+00 6.709999999999999E+02 1.121684974392136E+00 1.121684974392136E+00 1.121859265755905E+00 
1484 3.160202246770005E+00 1.756540609477537E+00 2.402860009510309E+00 1.141983476723009E+00 9.699242480955490E-01 1.251405225896765E+00 7.419999999999999E+02 1.141642676451733E+00 1.141642676451733E+00 1.141814637884573E+00 
1640 3.193513933169858E+00 1.784659257416089E+00 2.427851092081222E+00 1.161865013377627E+00 9.800497875518039E-01 1.256581702847225E+00 8.199999999999999E+02 1.161528714191294E+00 1.161528714191294E+00 1.161698398396945E+00 
1812 3.226750783564092E+00 1.812767948408540E+00 2.452785337894523E+00 1.181753609335234E+00 9.901525794159276E-01 1.261693207686972E+00 9.059999999999998E+02 1.181421727120779E+00 1.181421727120779E+00 1.181589176670000E+00 
2003 3.260145745199368E+00 1.841062795153435E+00 2.477951651704737E+00 1.201787791244220E+00 1.000303443820860E+00 1.266937426972743E+00 1.001500000000000E+03 1.201460288502245E+00 1.201460288502245E+00 1.201625524152929E+00 
2214 3.293518473935454E+00 1.869390265699150E+00 2.502872546141459E+00 1.221858673721278E+00 1.010447524850516E+00 1.271804950984221E+00 1.107000000000000E+03 1.221535444864868E+00 1.221535444864868E+00 1.221698516537054E+00 
2446 3.326721387797690E+00 1.897623618262523E+00 2.527779622656155E+00 1.241876062281998E+00 1.020540000882818E+00 1.276757795383897E+00 1.223000000000000E+03 1.241557029393396E+00 1.241557029393396E+00 1.241717978303203E+00 
2704 3.360129213079730E+00 1.926080579806328E+00 2.552839945152288E+00 1.262064992714846E+00 1.030694762444727E+00 1.281691896558261E+00 1.352000000000000E+03 1.261750111119970E+00 1.261750111119970E+00 1.261908959905892E+00 
2988 3.393397754557206E+00 1.954467146279758E+00 2.577795364223573E+00 1.282216672377914E+00 1.040807186735943E+00 1.286557269442192E+00 1.494000000000000E+03 1.281905855450786E+00 1.281905855450786E+00 1.282062647977708E+00 
3302 3.426678702863241E+00 1.982911539197624E+00 2.602759708630391E+00 1.302421813124307E+00 1.050923382199833E+00 1.291377335776716E+00 1.651000000000000E+03 1.302114994209245E+00 1.302114994209245E+00 1.302269764241438E+00 
3650 3.460045140793912E+00 2.011475519337916E+00 2.627787833087370E+00 1.322724106703172E+00 1.061065563328894E+00 1.296163406907119E+00 1.825000000000000E+03 1.322421228679641E+00 1.322421228679641E+00 1.322574005159771E+00 
4034 3.493348441470159E+00 2.040031015634058E+00 2.652768285445908E+00 1.343032310358006E+00 1.071188553037252E+00 1.300895021626332E+00 2.017000000000000E+03 1.342733299547741E+00 1.342733299547741E+00 1.342884119795771E+00 
4458 3.526613002483014E+00 2.068597883094083E+00 2.677719397016142E+00 1.363360270560537E+00 1.081299767239786E+00 1.305576728172299E+00 2.229000000000000E+03 1.363065057489576E+00 1.363065057489576E+00 1.363213956699386E+00 
4927 3.559895994528246E+00 2.097224346275631E+00 2.702730495680280E+00 1.383742079791774E+00 1.091416585891057E+00 1.310283327603301E+00 2.463500000000000E+03 1.383450605320945E+00 1.383450605320945E+00 1.383597613840168E+00 
5445 3.593144805207656E+00 2.125864316970227E+00 2.727664899999215E+00 1.404144710455554E+00 1.101523012144755E+00 1.314870382568368E+00 2.722500000000000E+03 1.403856904828773E+00 1.403856904828773E+00 1.404002057553376E+00 
6018 3.626407126961011E+00 2.154558051858797E+00 2.752571624523077E+00 1.424596629845592E+00 1.111633543933052E+00 1.319363967368098E+00 3.009000000000000E+03 1.424312431104660E+00 1.424312431104660E+00 1.424455759166833E+00 
6651 3.659634538642844E+00 2.183262977215040E+00 2.777528401011283E+00 1.445067287270458E+00 1.121733467193860E+00 1.323920270568523E+00 3.325500000000000E+03 1.444786634775604E+00 1.444786634775604E+00 1.444928169448671E+00 
7350 3.692811307661336E+00 2.211964604833687E+00 2.802378193358590E+00 1.465546122122155E+00 1.131817994573793E+00 1.328331647077639E+00 3.674999999999999E+03 1.465268948130632E+00 1.465268948130632E+00 1.465408723277813E+00 
8124 3.726021079105361E+00 2.240734545026343E+00 2.827286998941200E+00 1.486084037323315E+00 1.141912554681884E+00 1.332756863178771E+00 4.061999999999999E+03 1.485810288465566E+00 1.485810288465566E+00 1.485948331361149E+00 
8978 3.759138799522833E+00 2.269463660395780E+00 2.852126622438498E+00 1.506602918783555E+00 1.151979134527276E+00 1.337131140073543E+00 4.488999999999999E+03 1.506332528482763E+00 1.506332528482763E+00 1.506468872852554E+00 
9922 3.792219660880701E+00 2.298198926179681E+00 2.876938474568453E+00 1.527136087401594E+00 1.162034510676443E+00 1.341462672057167E+00 4.960999999999999E+03 1.526868996033399E+00 1.526868996033399E+00 1.527003672085889E+00 
10966 3.825268549967753E+00 2.326943812489797E+00 2.901726232193855E+00 1.547685825252051E+00 1.172080168270861E+00 1.345752874779189E+00 5.482999999999999E+03 1.547421974863894E+00 1.547421974863894E+00 1.547555011960897E+00 
12119 3.858227849743934E+00 2.355647364377817E+00 2.926465659393951E+00 1.568215491120882E+00 1.182098594424938E+00 1.350022160551547E+00 6.059499999999999E+03 1.567954819874321E+00 1.567954819874321E+00 1.568086249421632E+00 
13394 3.891124872574972E+00 2.384332499896630E+00 2.951120350837244E+00 1.588741255774511E+00 1.192098089959489E+00 1.354193758415982E+00 6.696999999999999E+03 1.588483704398641E+00 1.588483704398641E+00 1.588613556261237E+00 
14802 3.923897369019194E+00 2.412944040455932E+00 2.975700527717662E+00 1.609223407139270E+00 1.202059734375849E+00 1.358341772326884E+00 7.400999999999998E+03 1.608968913269779E+00 1.608968913269779E+00 1.609097219116015E+00 
16359 3.956568254090064E+00 2.441501056114023E+00 3.000218539682735E+00 1.629675358761717E+00 1.211990492824892E+00 1.362463153762710E+00 8.179499999999998E+03 1.629423863425964E+00 1.629423863425964E+00 1.629550653174888E+00 
18080 3.989094516400458E+00 2.469965012503272E+00 3.024599771764712E+00 1.650069274308640E+00 1.221877290859754E+00 1.366492927637076E+00 9.039999999999998E+03 1.649820715265824E+00 1.649820715265824E+00 1.649946020343715E+00 
19981 4.021421886112377E+00 2.498287359453410E+00 3.048857514764317E+00 1.670370098124861E+00 1.231703632841346E+00 1.370502519150151E+00 9.990499999999998E+03 1.670124410854773E+00 1.670124410854773E+00 1.670248264015466E+00 
22083 4.053543015834921E+00 2.526460542507810E+00 3.072947828283932E+00 1.690572132104911E+00 1.241467285551140E+00 1.374437201805170E+00 1.104150000000000E+04 1.690329252512814E+00 1.690329252512814E+00 1.690451686171959E+00 
24406 4.085389604711795E+00 2.554423464775000E+00 3.096822694466530E+00 1.710631261344507E+00 1.251147487745676E+00 1.378294348348656E+00 1.220300000000000E+04 1.710391121300308E+00 1.710391121300308E+00 1.710512169927167E+00 
26972 4.116885877173139E+00 2.582108236543945E+00 3.120445331051365E+00 1.730498439257911E+00 1.260721206454696E+00 1.382094770784097E+00 1.348600000000000E+04 1.730260966453954E+00 1.730260966453954E+00 1.730380666678976E+00 
29809 4.147984824801934E+00 2.609472061250903E+00 3.143777882546677E+00 1.750142577852021E+00 1.270174153071333E+00 1.385830552643160E+00 1.490450000000000E+04 1.749907698179263E+00 1.749907698179263E+00 1.750026087529344E+00 
32944 4.178576188731613E+00 2.636416290545154E+00 3.166713801964004E+00 1.769492441466057E+00 1.279472812544744E+00 1.389455941451923E+00 1.647200000000000E+04 1.769260073826305E+00 1.769260073826305E+00 1.769377193306587E+00 
36409 4.208550479720283E+00 2.662842636021394E+00 3.189201462915239E+00 1.788476971811754E+00 1.288583904507348E+00 1.393003432491938E+00 1.820450000000000E+04 1.788247029192730E+00 1.788247029192730E+00 1.788362922858739E+00 
40238 4.237758499631444E+00 2.688617463773634E+00 3.211101124218464E+00 1.806999630270723E+00 1.297462077526083E+00 1.396417591783617E+00 2.011900000000000E+04 1.806772016423913E+00 1.806772016423913E+00 1.806886732941424E+00 
44470 4.266026986776802E+00 2.713585493967124E+00 3.232302736236852E+00 1.824948219685280E+00 1.306054667143847E+00 1.399708990422840E+00 2.223500000000000E+04 1.824722828210828E+00 1.824722828210828E+00 1.824836421410063E+00 
49147 4.293130012638080E+00 2.737544463104417E+00 3.252635368072463E+00 1.842176645924036E+00 1.314292999053331E+00 1.402851893506721E+00 2.457350000000000E+04 1.841953356569706E+00 1.841953356569706E+00 1.842065887273275E+00 
54316 4.318787988504207E+00 2.760244122310146E+00 3.271873894469920E+00 1.858504167646672E+00 1.322092087973537E+00 1.405794877920403E+00 2.715800000000000E+04 1.858282842814168E+00 1.858282842814168E+00 1.858394380583114E+00 
60029 4.342646377231288E+00 2.781367300983666E+00 3.289772284935114E+00 1.873701752921680E+00 1.329344168473116E+00 1.408529176925178E+00 3.001449999999999E+04 1.873482233001583E+00 1.873482233001583E+00 1.873592858545896E+00 
66342 4.364246957383643E+00 2.800504354919167E+00 3.305968424706377E+00 1.887473660917800E+00 1.335909957549651E+00 1.410979838509914E+00 3.317099999999999E+04 1.887255757116214E+00 1.887255757116214E+00 1.887365565863417E+00 
73319 4.383007092781317E+00 2.817134719742807E+00 3.320042566423176E+00 1.899444147098522E+00 1.341612353968771E+00 1.413109681236801E+00 3.665949999999999E+04 1.899227633285029E+00 1.899227633285029E+00 1.899336739548598E+00 
81029 4.398156606210144E+00 2.830570959980720E+00 3.331404614093754E+00 1.909117201799048E+00 1.346217253817405E+00 1.414818252319302E+00 4.051449999999999E+04 1.908901801264994E+00 1.908901801264994E+00 1.909010344896338E+00 
89550 4.408670146695258E+00 2.839898955640578E+00 3.339286072443806E+00 1.915833517349357E+00 1.349412986512890E+00 1.415995337482210E+00 4.477499999999999E+04 1.915618884624506E+00 1.915618884624506E+00 1.915727040219603E+00 
98969 4.413137518986907E+00 2.843863420699916E+00 3.342640214666272E+00 1.918688216848943E+00 1.350770904659773E+00 1.416502106633448E+00 4.948449999999999E+04 1.918473909226951E+00 1.918473909226951E+00 1.918581900528547E+00 
100000 4.413181235732284E+00 2.843902218836718E+00 3.342669411548364E+00 1.918716153430400E+00 1.350784192313087E+00 1.416501854265249E+00 4.999999999999999E+04 1.918501848970140E+00 1.918501848970140E+00 1.918609838669739E+00 

